HEIGHT=10 
WIDTH=10 
013 
023 
01 
023 
01 
023 
01 
023 
0 
01 
3 
01S 
3 
02 
2 
01 
3 
01 
13 
13 
123 
13 
3 
0 
02 
1 
13 
3 
2 
1 
023 
2 
1 
23 
01 
23 
1 
123 
013 
123 
03 
012 
3 
0 
2 
02 
2 
0 
2 
01 
3 
0 
1 
23 
0 
0 
012 
3 
012 
13 
123 
123 
13 
03 
1 
13 
023 
1 
023 
12 
03 
01 
23 
1 
13 
3 
01 
23 
0 
012 
13 
23 
01 
13 
3 
12 
3 
02 
1 
013E 
23 
012 
23 
12 
23 
02 
12 
023 
2 
12 
